0,278
68,4
68,3
68,2
0,9
68,1
68,0
0,273
0,270
67,35
10,210
10,132
10,278
10,136
10,74
10,108
10,254
10,176
11,16
11,28
11,20
8,12
8,16
63,4
63,3
63,2
63,1
63,0
61,3
61,2
61,1
61,0
20,3
20,2
20,1
19,3
19,2
19,1
12,3
12,2
12,1
11,26
11,23
11,22
11,19
18,1
11,17
18,3
11,15
14,1
11,13
11,11
11,10
11,9
11,8
11,7
11,3
14,3
11,2
13,1
11,1
13,3
10,303
10,284
10,276
10,269
10,247
10,230
10,211
10,202
10,171
10,158
10,130
10,121
10,120
10,113
10,96
10,69
10,3
10,2
10,1
9,7
9,6
9,5
9,4
9,3
9,2
9,1
8,17
8,14
8,13
8,11
8,9
8,8
8,7
8,6
8,5
8,4
8,3
8,2
8,1
3,3
3,2
